0000000        0000000000000000 0000000000000100 0000000000000000 0000000000000000 0000000000000000 0000000000000000 0000000000000000 0000000000000000
0000001        0000000000000000 0000000000000100 0000000000001101 0000000000000000 0000000000000000 0000000000000000 0000000000000000 0000000000000000
0000010        0000000000000000 0000000000000100 0000000000001101 0000000000001001 0000000000000000 0000000000000000 0000000000000000 0000000000000000
0000011        0000000000000000 0000000000000100 0000000000001101 0000000000001001 0000000000010110 0000000000000000 0000000000000000 0000000000000000
0000100        0000000000000000 0000000000000100 0000000000001101 0000000000001001 0000000000010110 0000000000000000 0000000000000000 0000000000000000
0000101        0000000000000000 0000000000000100 0000000000001101 0000000000001001 0000000000010110 0000000000000000 0000000000000000 0000000000000000
0000110        0000000000000000 0000000000000100 0000000000001101 0000000000001001 0000000000010110 0000000000000000 0000000000000000 0000000000000000
0000111        0000000000000000 0000000000000100 0000000000001101 0000000000001001 0000000000010110 0000000000000000 0000000000000000 0000000000000010
0001000        0000000000000000 0000000000000100 0000000000001101 0000000000001001 0000000000010110 0000000000000000 0000000000000000 0000000000000000
0001001        0000000000000000 0000000000000100 0000000000001101 1111111111111011 0000000000010110 0000000000000000 0000000000000000 0000000000000000
0001010        0000000000000000 0000000000000100 0000000000001101 1111111111111011 0000000000010110 0000000000000000 0000000000000000 0000000000000000
0001011        0000000000000000 0000000000000100 0000000000001101 1111111111111011 0000000000010110 0000000000000000 0000000000000000 0000000000000000
0001000010000100
0001000100001101
0001000110001001
0001001000010110
0010100010001100
0010100100001101
0010100110001110
0111000000010001
1110100000001001
1111000011010001
0111100000001011
1101000000000000
0000000000000100
0000000000001101
0000000000001001
0000000000000000
0000000000000000
0000000000000000
0000000000000000
0000000000000000
0000000000000000
0000000000000000
0000000000000000
0000000000000000
0000000000000000
0000000000000000
0000000000000000
0000000000000000
0000000000000000
0000000000000000
0000000000000000
0000000000000000
0000000000000000
0000000000000000
0000000000000000
0000000000000000
0000000000000000
0000000000000000
0000000000000000
0000000000000000
0000000000000000
0000000000000000
0000000000000000
0000000000000000
0000000000000000
0000000000000000
0000000000000000
0000000000000000
0000000000000000
0000000000000000
0000000000000000
0000000000000000
0000000000000000
0000000000000000
0000000000000000
0000000000000000
0000000000000000
0000000000000000
0000000000000000
0000000000000000
0000000000000000
0000000000000000
0000000000000000
0000000000000000
0000000000000000
0000000000000000
0000000000000000
0000000000000000
0000000000000000
0000000000000000
0000000000000000
0000000000000000
0000000000000000
0000000000000000
0000000000000000
0000000000000000
0000000000000000
0000000000000000
0000000000000000
0000000000000000
0000000000000000
0000000000000000
0000000000000000
0000000000000000
0000000000000000
0000000000000000
0000000000000000
0000000000000000
0000000000000000
0000000000000000
0000000000000000
0000000000000000
0000000000000000
0000000000000000
0000000000000000
0000000000000000
0000000000000000
0000000000000000
0000000000000000
0000000000000000
0000000000000000
0000000000000000
0000000000000000
0000000000000000
0000000000000000
0000000000000000
0000000000000000
0000000000000000
0000000000000000
0000000000000000
0000000000000000
0000000000000000
0000000000000000
0000000000000000
0000000000000000
0000000000000000
0000000000000000
0000000000000000
0000000000000000
0000000000000000
0000000000000000
0000000000000000
0000000000000000
0000000000000000
0000000000000000
0000000000000000
0000000000000000
0000000000000000