0000000        0000000000000000 0000000000001010 0000000000000000 0000000000000000 0000000000000000 0000000000000000 0000000000000000 0000000000000000
0000001        0000000000000000 0000000000001010 0000000000001111 0000000000000000 0000000000000000 0000000000000000 0000000000000000 0000000000000000
0000010        0000000000000000 0000000000001111 0000000000001010 0000000000000000 0000000000000000 0000000000000000 0000000000000000 0000000000000000
0000011        0000000000000000 0000000000111100 0000000000001010 0000000000000000 0000000000000000 0000000000000000 0000000000000000 0000000000000000
0000100        0000000000000000 0000000000111100 0100000000000001 0000000000000000 0000000000000000 0000000000000000 0000000000000000 0000000000000000
0000101        0000000000000000 0000000000111100 0100000000000001 0000000000000000 0011110000000000 0000000000000000 0000000000000000 0000000000000000
0000110        0000000000000000 0000000000111100 0100000000000001 1111111111111111 0011110000000000 0000000000000000 0000000000000000 0000000000000000
0000111        0000000000000000 0000000000111100 0100000000000001 1111111111111111 0011110000000000 0000000000000000 0000000000000000 0000000000000000
0001000        0000000000000000 0000000000111100 0100000000000001 1111111111111111 0011110000000000 0000000000000000 0000000000000000 0000000000000000
0001000010001010
0001000100001111
1010100000001010
1101100010000010
1011100100000011
1011000000100001
1111000011100010
0010100110001001
1101000000000000
1111111111111111
0000000000000000
0000000000000000
0000000000000000
0000000000000000
0000000000000000
0000000000000000
0000000000000000
0000000000000000
0000000000000000
0000000000000000
0000000000000000
0000000000000000
0000000000000000
0000000000000000
0000000000000000
0000000000000000
0000000000000000
0000000000000000
0000000000000000
0000000000000000
0000000000000000
0000000000000000
0000000000000000
0000000000000000
0000000000000000
0000000000000000
0000000000000000
0000000000000000
0000000000000000
0000000000000000
0000000000000000
0000000000000000
0000000000000000
0000000000000000
0000000000000000
0000000000000000
0000000000000000
0000000000000000
0000000000000000
0000000000000000
0000000000000000
0000000000000000
0000000000000000
0000000000000000
0000000000000000
0000000000000000
0000000000000000
0000000000000000
0000000000000000
0000000000000000
0000000000000000
0000000000000000
0000000000000000
0000000000000000
0000000000000000
0000000000000000
0000000000000000
0000000000000000
0000000000000000
0000000000000000
0000000000000000
0000000000000000
0000000000000000
0000000000000000
0000000000000000
0000000000000000
0000000000000000
0000000000000000
0000000000000000
0000000000000000
0000000000000000
0000000000000000
0000000000000000
0000000000000000
0000000000000000
0000000000000000
0000000000000000
0000000000000000
0000000000000000
0000000000000000
0000000000000000
0000000000000000
0000000000000000
0000000000000000
0000000000000000
0000000000000000
0000000000000000
0000000000000000
0000000000000000
0000000000000000
0000000000000000
0000000000000000
0000000000000000
0000000000000000
0000000000000000
0000000000000000
0000000000000000
0000000000000000
0000000000000000
0000000000000000
0000000000000000
0000000000000000
0000000000000000
0000000000000000
0000000000000000
0000000000000000
0000000000000000
0000000000000000
0000000000000000
0000000000000000
0000000000000000
0000000000000000
0000000000000000
0000000000000000
0000000000000000
0000000000000000
0000000000000000
0000000000000000